0 0.40625 0.9609375 0.140625 0.078125
0 0.9453125 0.94921875 0.109375 0.1015625
0 0.96484375 0.890625 0.0703125 0.078125
0 0.16796875 0.85546875 0.0859375 0.0859375
0 0.359375 0.78125 0.078125 0.078125
0 0.04296875 0.48828125 0.0859375 0.1171875
0 0.4296875 0.484375 0.15625 0.15625
0 0.9140625 0.4375 0.109375 0.109375
0 0.38671875 0.30078125 0.0859375 0.0859375
0 0.9609375 0.23828125 0.078125 0.0859375
0 0.609375 0.1484375 0.078125 0.078125
0 0.7265625 0.11328125 0.25 0.2265625
0 0.625 0.02734375 0.078125 0.0546875
