0 0.234375 0.921875 0.078125 0.078125
0 0.66015625 0.87109375 0.1171875 0.1171875
0 0.0625 0.7421875 0.078125 0.078125
0 0.07421875 0.51171875 0.1484375 0.1484375
0 0.8828125 0.4453125 0.078125 0.078125
0 0.0390625 0.375 0.078125 0.078125
0 0.53515625 0.34765625 0.1484375 0.1484375
0 0.4453125 0.296875 0.109375 0.109375
0 0.09375 0.28125 0.140625 0.140625
0 0.3515625 0.2734375 0.140625 0.140625
0 0.10546875 0.18359375 0.0859375 0.0859375
0 0.71875 0.109375 0.140625 0.140625
0 0.75390625 0.04296875 0.1171875 0.0859375
