1 0.140625 0.96484375 0.140625 0.0703125
1 0.0546875 0.890625 0.109375 0.109375
1 0.14453125 0.85546875 0.0859375 0.0859375
1 0.3125 0.7109375 0.078125 0.078125
1 0.77734375 0.58984375 0.1484375 0.1484375
1 0.296875 0.578125 0.1875 0.1875
1 0.30078125 0.48046875 0.0859375 0.0859375
1 0.3671875 0.46875 0.078125 0.078125
1 0.73828125 0.36328125 0.0859375 0.0859375
1 0.47265625 0.34765625 0.0859375 0.0859375
1 0.5390625 0.2890625 0.078125 0.078125
1 0.8984375 0.21875 0.140625 0.140625
1 0.34765625 0.04296875 0.1171875 0.0859375
