0 0.8828125 0.9765625 0.078125 0.046875
0 0.2578125 0.95703125 0.109375 0.0859375
0 0.7890625 0.8828125 0.078125 0.078125
0 0.33984375 0.85546875 0.1171875 0.1171875
0 0.27734375 0.71484375 0.0859375 0.0859375
0 0.81640625 0.56640625 0.1171875 0.1171875
0 0.80078125 0.44921875 0.1171875 0.1171875
0 0.33984375 0.39453125 0.1171875 0.1171875
0 0.73046875 0.36328125 0.1484375 0.1484375
0 0.88671875 0.30859375 0.0859375 0.0859375
0 0.03125 0.12890625 0.0625 0.0859375
0 0.0625 0.0625 0.078125 0.078125
