1 0.328125 0.97265625 0.078125 0.0546875
1 0.64453125 0.96484375 0.1171875 0.0703125
1 0.94921875 0.9609375 0.1015625 0.078125
1 0.87890625 0.92578125 0.0859375 0.0859375
1 0.15625 0.8515625 0.140625 0.140625
1 0.515625 0.609375 0.140625 0.140625
1 0.515625 0.421875 0.078125 0.078125
1 0.0546875 0.44140625 0.109375 0.1484375
1 0.29296875 0.41796875 0.1484375 0.1484375
1 0.87109375 0.37109375 0.1484375 0.1484375
1 0.38671875 0.36328125 0.1484375 0.1484375
1 0.50390625 0.32421875 0.1484375 0.1484375
1 0.08984375 0.30859375 0.1484375 0.1484375
1 0.0546875 0.1875 0.078125 0.078125
