1 0.44921875 0.96875 0.1171875 0.0625
1 0.53125 0.953125 0.140625 0.09375
1 0.03125 0.90234375 0.0625 0.0859375
1 0.03125 0.83203125 0.0625 0.0859375
1 0.2109375 0.71875 0.109375 0.109375
1 0.7890625 0.6875 0.109375 0.109375
1 0.40625 0.6953125 0.140625 0.140625
1 0.2734375 0.59375 0.109375 0.109375
1 0.73828125 0.54296875 0.0859375 0.0859375
1 0.78515625 0.35546875 0.1171875 0.1171875
1 0.53125 0.3125 0.078125 0.078125
1 0.66015625 0.15234375 0.1171875 0.1171875
1 0.8046875 0.1015625 0.078125 0.078125
1 0.10546875 0.06640625 0.0859375 0.0859375
1 0.59375 0.0625 0.109375 0.109375
