0 0.578125 0.953125 0.140625 0.09375
0 0.16015625 0.85546875 0.1171875 0.1171875
0 0.87109375 0.73046875 0.1484375 0.1484375
0 0.78125 0.703125 0.140625 0.140625
0 0.98046875 0.52734375 0.0390625 0.0859375
0 0.1015625 0.421875 0.078125 0.078125
0 0.51171875 0.37109375 0.0859375 0.0859375
0 0.18359375 0.34765625 0.0859375 0.0859375
0 0.03125 0.33984375 0.0625 0.0859375
0 0.11328125 0.33203125 0.2109375 0.2109375
0 0.5234375 0.28125 0.109375 0.109375
0 0.2109375 0.2265625 0.28125 0.28125
0 0.6640625 0.05078125 0.140625 0.1015625
