1 0.625 0.90625 0.140625 0.140625
1 0.859375 0.8984375 0.15625 0.15625
1 0.4140625 0.859375 0.140625 0.140625
1 0.328125 0.8359375 0.109375 0.109375
1 0.1796875 0.8046875 0.078125 0.078125
1 0.2421875 0.765625 0.078125 0.078125
1 0.58984375 0.69921875 0.2421875 0.2421875
1 0.48046875 0.66015625 0.1171875 0.1171875
1 0.4609375 0.5625 0.140625 0.140625
1 0.546875 0.5 0.109375 0.109375
1 0.859375 0.265625 0.140625 0.140625
1 0.02734375 0.1328125 0.0546875 0.078125
1 0.3359375 0.09375 0.078125 0.078125
