1 0.58203125 0.89453125 0.0859375 0.0859375
1 0.07421875 0.89453125 0.0859375 0.0859375
1 0.9453125 0.87109375 0.109375 0.1484375
1 0.14453125 0.84765625 0.2734375 0.2734375
1 0.5546875 0.7578125 0.109375 0.109375
1 0.04296875 0.75390625 0.0859375 0.1171875
1 0.12890625 0.69921875 0.0859375 0.0859375
1 0.28125 0.734375 0.25 0.25
1 0.59375 0.6015625 0.140625 0.140625
1 0.8515625 0.5078125 0.15625 0.15625
1 0.64453125 0.27734375 0.1484375 0.1484375
1 0.85546875 0.23828125 0.1171875 0.1171875
1 0.36328125 0.12109375 0.0859375 0.0859375
1 0.7578125 0.0625 0.078125 0.078125
