1 0.90625 0.9609375 0.140625 0.078125
1 0.40234375 0.86328125 0.1484375 0.1484375
1 0.81640625 0.83203125 0.1484375 0.1484375
1 0.06640625 0.80859375 0.0859375 0.0859375
1 0.05078125 0.71484375 0.1015625 0.1171875
1 0.5703125 0.59375 0.078125 0.078125
1 0.11328125 0.54296875 0.0859375 0.0859375
1 0.3203125 0.4765625 0.140625 0.140625
1 0.7890625 0.25 0.15625 0.15625
1 0.69921875 0.30078125 0.3828125 0.3828125
1 0.44921875 0.18359375 0.1171875 0.1171875
1 0.80859375 0.13671875 0.1171875 0.1171875
1 0.34375 0.0625 0.140625 0.125
