0 0.65625 0.95703125 0.109375 0.0859375
0 0.33984375 0.90234375 0.1171875 0.1171875
0 0.4140625 0.8671875 0.109375 0.109375
0 0.75390625 0.65234375 0.1484375 0.1484375
0 0.55078125 0.62890625 0.1171875 0.1171875
0 0.4375 0.609375 0.140625 0.140625
0 0.30078125 0.54296875 0.1171875 0.1171875
0 0.97265625 0.51171875 0.0546875 0.0859375
0 0.1015625 0.38671875 0.203125 0.2734375
0 0.0546875 0.26171875 0.109375 0.1171875
0 0.41796875 0.23046875 0.0859375 0.0859375
0 0.05078125 0.1796875 0.1015625 0.140625
0 0.74609375 0.16015625 0.0859375 0.0859375
