1 0.8984375 0.96484375 0.15625 0.0703125
1 0.85546875 0.68359375 0.1171875 0.1171875
1 0.78125 0.65625 0.109375 0.109375
1 0.10546875 0.64453125 0.1484375 0.1484375
1 0.28515625 0.51953125 0.2109375 0.2109375
1 0.97265625 0.46875 0.0546875 0.109375
1 0.83203125 0.33984375 0.3203125 0.3203125
1 0.41796875 0.25390625 0.0859375 0.0859375
1 0.08984375 0.265625 0.1796875 0.1875
1 0.84765625 0.18359375 0.0859375 0.0859375
1 0.76953125 0.17578125 0.0859375 0.0859375
1 0.703125 0.15625 0.109375 0.109375
1 0.04296875 0.12890625 0.0859375 0.1171875
1 0.09765625 0.04296875 0.1171875 0.0859375
