0 0.14453125 0.96484375 0.1171875 0.0703125
0 0.4609375 0.95703125 0.140625 0.0859375
0 0.37890625 0.92578125 0.0859375 0.0859375
0 0.68359375 0.91796875 0.0859375 0.0859375
0 0.97265625 0.8828125 0.0546875 0.109375
0 0.8515625 0.65625 0.078125 0.078125
0 0.05078125 0.609375 0.1015625 0.140625
0 0.6953125 0.59375 0.140625 0.140625
0 0.0390625 0.421875 0.078125 0.109375
0 0.62109375 0.37890625 0.1484375 0.1484375
0 0.37109375 0.37109375 0.1484375 0.1484375
0 0.04296875 0.31640625 0.0859375 0.1171875
