0 0.33984375 0.96484375 0.1171875 0.0703125
0 0.24609375 0.95703125 0.1484375 0.0859375
0 0.71484375 0.94140625 0.0859375 0.0859375
0 0.3515625 0.609375 0.3125 0.3125
0 0.40625 0.4609375 0.140625 0.140625
0 0.7109375 0.3203125 0.078125 0.078125
0 0.68359375 0.24609375 0.0859375 0.0859375
0 0.19140625 0.23046875 0.1484375 0.1484375
0 0.0390625 0.1953125 0.078125 0.109375
0 0.7734375 0.1953125 0.140625 0.140625
0 0.09765625 0.12109375 0.1484375 0.1484375
0 0.8125 0.09375 0.109375 0.109375
0 0.65234375 0.078125 0.2109375 0.15625
