0 0.2109375 0.84375 0.078125 0.078125
0 0.31640625 0.73828125 0.2734375 0.2734375
0 0.16015625 0.71484375 0.1796875 0.1796875
0 0.91796875 0.64453125 0.1171875 0.1171875
0 0.1796875 0.546875 0.140625 0.140625
0 0.02734375 0.34375 0.0546875 0.078125
0 0.390625 0.2890625 0.078125 0.078125
0 0.32421875 0.30078125 0.1171875 0.1171875
0 0.89453125 0.28515625 0.0859375 0.0859375
0 0.4765625 0.28125 0.140625 0.140625
0 0.9375 0.1953125 0.125 0.140625
0 0.546875 0.1640625 0.15625 0.15625
0 0.26171875 0.13671875 0.1484375 0.1484375
