1 0.69921875 0.98046875 0.0859375 0.0390625
1 0.40234375 0.97265625 0.0859375 0.0546875
1 0.1875 0.8515625 0.109375 0.109375
1 0.5703125 0.6328125 0.109375 0.109375
1 0.50390625 0.53515625 0.1484375 0.1484375
1 0.3515625 0.4765625 0.140625 0.140625
1 0.078125 0.4609375 0.140625 0.140625
1 0.5390625 0.4375 0.078125 0.078125
1 0.2109375 0.3984375 0.078125 0.078125
1 0.90625 0.3984375 0.140625 0.140625
1 0.4375 0.3671875 0.078125 0.078125
1 0.54296875 0.34765625 0.1484375 0.1484375
1 0.13671875 0.32421875 0.1171875 0.1171875
