1 0.85546875 0.81640625 0.2421875 0.2421875
1 0.33203125 0.79296875 0.1484375 0.1484375
1 0.22265625 0.75390625 0.1171875 0.1171875
1 0.25 0.6328125 0.109375 0.109375
1 0.109375 0.4609375 0.078125 0.078125
1 0.20703125 0.43359375 0.1484375 0.1484375
1 0.8984375 0.3203125 0.109375 0.109375
1 0.96875 0.30859375 0.0625 0.0859375
1 0.94921875 0.2265625 0.1015625 0.15625
1 0.08984375 0.19140625 0.1171875 0.1171875
1 0.34375 0.171875 0.140625 0.140625
1 0.2109375 0.171875 0.15625 0.15625
1 0.70703125 0.08203125 0.1484375 0.1484375
1 0.2109375 0.0703125 0.15625 0.140625
