0 0.51171875 0.9609375 0.0859375 0.078125
0 0.18359375 0.94140625 0.0859375 0.0859375
0 0.03125 0.93359375 0.0625 0.0859375
0 0.11328125 0.91015625 0.2109375 0.1796875
0 0.5234375 0.875 0.109375 0.109375
0 0.2109375 0.8203125 0.28125 0.28125
0 0.66796875 0.60546875 0.1484375 0.1484375
0 0.04296875 0.53515625 0.0859375 0.1171875
0 0.609375 0.3515625 0.140625 0.140625
0 0.68359375 0.10546875 0.2109375 0.2109375
0 0.23046875 0.04296875 0.0859375 0.0859375
0 0.53515625 0.04296875 0.1171875 0.0859375
