1 0.8984375 0.953125 0.109375 0.09375
1 0.2890625 0.875 0.140625 0.140625
1 0.37109375 0.83984375 0.1171875 0.1171875
1 0.265625 0.5625 0.078125 0.078125
1 0.7734375 0.53125 0.078125 0.078125
1 0.3125 0.4921875 0.21875 0.21875
1 0.02734375 0.4140625 0.0546875 0.078125
1 0.34375 0.375 0.109375 0.109375
1 0.6171875 0.375 0.140625 0.140625
1 0.26171875 0.36328125 0.1171875 0.1171875
1 0.76171875 0.33984375 0.0859375 0.0859375
1 0.68359375 0.26953125 0.0859375 0.0859375
1 0.56640625 0.28515625 0.1484375 0.1484375
