0 0.1484375 0.96484375 0.140625 0.0703125
0 0.05078125 0.890625 0.1015625 0.140625
0 0.1015625 0.828125 0.109375 0.109375
0 0.328125 0.6328125 0.078125 0.078125
0 0.1953125 0.515625 0.078125 0.078125
0 0.34765625 0.44921875 0.0859375 0.0859375
0 0.203125 0.4375 0.109375 0.109375
0 0.47265625 0.41796875 0.0859375 0.0859375
0 0.73828125 0.40234375 0.1484375 0.1484375
0 0.38671875 0.32421875 0.0859375 0.0859375
0 0.32421875 0.33984375 0.1484375 0.1484375
0 0.58203125 0.31640625 0.1171875 0.1171875
0 0.32421875 0.04296875 0.1171875 0.0859375
