1 0.9609375 0.94140625 0.078125 0.0859375
1 0.31640625 0.83203125 0.1171875 0.1171875
1 0.109375 0.8046875 0.140625 0.140625
1 0.18359375 0.76953125 0.0859375 0.0859375
1 0.82421875 0.73828125 0.1171875 0.1171875
1 0.22265625 0.66015625 0.1484375 0.1484375
1 0.92578125 0.53515625 0.0859375 0.0859375
1 0.0859375 0.515625 0.109375 0.109375
1 0.52734375 0.44921875 0.1796875 0.1796875
1 0.5859375 0.3671875 0.140625 0.140625
1 0.15234375 0.23046875 0.1171875 0.1171875
1 0.328125 0.1953125 0.140625 0.140625
1 0.41015625 0.15234375 0.1171875 0.1171875
