0 0.2890625 0.96875 0.140625 0.0625
0 0.87109375 0.9453125 0.1484375 0.109375
0 0.38671875 0.94140625 0.1484375 0.1171875
0 0.50390625 0.91796875 0.1484375 0.1484375
0 0.08984375 0.90234375 0.1484375 0.1484375
0 0.0546875 0.78125 0.078125 0.078125
0 0.51171875 0.49609375 0.1796875 0.1796875
0 0.578125 0.3984375 0.109375 0.109375
0 0.5078125 0.390625 0.109375 0.109375
0 0.1953125 0.2578125 0.109375 0.109375
0 0.9296875 0.1875 0.109375 0.109375
0 0.37890625 0.17578125 0.1484375 0.1484375
0 0.734375 0.05078125 0.140625 0.1015625
