0 0.82421875 0.9453125 0.1171875 0.109375
0 0.32421875 0.83203125 0.0859375 0.0859375
0 0.69921875 0.74609375 0.0859375 0.0859375
0 0.45703125 0.73828125 0.1171875 0.1171875
0 0.51171875 0.67578125 0.0859375 0.0859375
0 0.63671875 0.54296875 0.1484375 0.1484375
0 0.8359375 0.5234375 0.109375 0.109375
0 0.31640625 0.51953125 0.0859375 0.0859375
0 0.9375 0.52734375 0.125 0.1484375
0 0.04296875 0.21484375 0.0859375 0.1171875
0 0.6796875 0.1015625 0.140625 0.140625
0 0.484375 0.125 0.21875 0.21875
0 0.32421875 0.078125 0.2109375 0.15625
0 0.1640625 0.0390625 0.109375 0.078125
