1 0.1015625 0.890625 0.15625 0.15625
1 0.41015625 0.84765625 0.1171875 0.1171875
1 0.81640625 0.83203125 0.1171875 0.1171875
1 0.609375 0.8046875 0.140625 0.140625
1 0.68359375 0.76953125 0.0859375 0.0859375
1 0.72265625 0.66015625 0.1484375 0.1484375
1 0.5859375 0.515625 0.109375 0.109375
1 0.98046875 0.43359375 0.0390625 0.0859375
1 0.12109375 0.38671875 0.2109375 0.2109375
1 0.47265625 0.24609375 0.1171875 0.1171875
1 0.65234375 0.23046875 0.1171875 0.1171875
1 0.828125 0.1953125 0.140625 0.140625
1 0.91015625 0.15234375 0.1171875 0.1171875
