0 0.44921875 0.953125 0.1171875 0.09375
0 0.58203125 0.86328125 0.0859375 0.0859375
0 0.3203125 0.8203125 0.140625 0.140625
0 0.83984375 0.68359375 0.1171875 0.1171875
0 0.76953125 0.62109375 0.1171875 0.1171875
0 0.43359375 0.56640625 0.0859375 0.0859375
0 0.48046875 0.48046875 0.1171875 0.1171875
0 0.65234375 0.44921875 0.1484375 0.1484375
0 0.3046875 0.4140625 0.140625 0.140625
0 0.109375 0.3828125 0.109375 0.109375
0 0.82421875 0.14453125 0.1484375 0.1484375
0 0.4296875 0.02734375 0.078125 0.0546875
