0 0.03125 0.9609375 0.0625 0.078125
0 0.30859375 0.72265625 0.0859375 0.0859375
0 0.48046875 0.71484375 0.1171875 0.1171875
0 0.60546875 0.64453125 0.1484375 0.1484375
0 0.484375 0.59375 0.078125 0.078125
0 0.78515625 0.51953125 0.2109375 0.2109375
0 0.0859375 0.28125 0.109375 0.109375
0 0.91796875 0.25390625 0.0859375 0.0859375
0 0.5859375 0.265625 0.1875 0.1875
0 0.203125 0.21875 0.28125 0.28125
0 0.5 0.1328125 0.140625 0.140625
0 0.14453125 0.06640625 0.1171875 0.1171875
0 0.08984375 0.1015625 0.1796875 0.203125
0 0.59765625 0.04296875 0.1171875 0.0859375
