1 0.6484375 0.96484375 0.140625 0.0703125
1 0.3515625 0.9140625 0.078125 0.078125
1 0.53125 0.890625 0.140625 0.140625
1 0.6015625 0.828125 0.109375 0.109375
1 0.828125 0.6328125 0.078125 0.078125
1 0.6953125 0.515625 0.078125 0.078125
1 0.84765625 0.44921875 0.0859375 0.0859375
1 0.703125 0.4375 0.109375 0.109375
1 0.96484375 0.41796875 0.0703125 0.0859375
1 0.88671875 0.32421875 0.0859375 0.0859375
1 0.82421875 0.33984375 0.1484375 0.1484375
1 0.1015625 0.046875 0.078125 0.078125
1 0.82421875 0.04296875 0.1171875 0.0859375
