1 0.64453125 0.89453125 0.1484375 0.1484375
1 0.44921875 0.83203125 0.1484375 0.1484375
1 0.06640625 0.62109375 0.1328125 0.1484375
1 0.34765625 0.58203125 0.1171875 0.1171875
1 0.83984375 0.58203125 0.1796875 0.1796875
1 0.546875 0.5234375 0.140625 0.140625
1 0.296875 0.484375 0.140625 0.140625
1 0.19140625 0.33984375 0.2109375 0.2109375
1 0.4140625 0.2734375 0.140625 0.140625
1 0.29296875 0.26953125 0.1484375 0.1484375
1 0.07421875 0.08203125 0.1171875 0.1171875
1 0.83203125 0.06640625 0.1484375 0.1328125
