1 0.85546875 0.95703125 0.0859375 0.0859375
1 0.02734375 0.953125 0.0546875 0.078125
1 0.390625 0.89453125 0.21875 0.2109375
1 0.06640625 0.85546875 0.1171875 0.1171875
1 0.32421875 0.83203125 0.0859375 0.0859375
1 0.0703125 0.734375 0.078125 0.078125
1 0.05078125 0.734375 0.1015625 0.140625
1 0.6171875 0.6484375 0.078125 0.078125
1 0.6953125 0.609375 0.140625 0.140625
1 0.94140625 0.5703125 0.1171875 0.140625
1 0.4765625 0.4375 0.140625 0.140625
1 0.7734375 0.3046875 0.15625 0.15625
1 0.54296875 0.16796875 0.1484375 0.1484375
