1 0.2890625 0.7734375 0.140625 0.140625
1 0.65625 0.71875 0.109375 0.109375
1 0.3203125 0.5859375 0.140625 0.140625
1 0.046875 0.484375 0.078125 0.078125
1 0.85546875 0.36328125 0.0859375 0.0859375
1 0.02734375 0.359375 0.0546875 0.078125
1 0.390625 0.3046875 0.21875 0.21875
1 0.06640625 0.26171875 0.1171875 0.1171875
1 0.32421875 0.23828125 0.0859375 0.0859375
1 0.0703125 0.140625 0.078125 0.078125
1 0.05078125 0.140625 0.1015625 0.140625
1 0.6171875 0.0546875 0.078125 0.078125
1 0.6953125 0.05078125 0.140625 0.1015625
