0 0.0859375 0.875 0.109375 0.109375
0 0.91796875 0.84765625 0.0859375 0.0859375
0 0.5859375 0.859375 0.1875 0.1875
0 0.203125 0.8125 0.28125 0.28125
0 0.5 0.7265625 0.140625 0.140625
0 0.14453125 0.66015625 0.1171875 0.1171875
0 0.08984375 0.67578125 0.1796875 0.2421875
0 0.60546875 0.59765625 0.1484375 0.1484375
0 0.859375 0.515625 0.21875 0.21875
0 0.3984375 0.4609375 0.078125 0.078125
0 0.8828125 0.2109375 0.140625 0.140625
0 0.73828125 0.078125 0.1796875 0.15625
0 0.36328125 0.0546875 0.1171875 0.109375
