1 0.88671875 0.9453125 0.1171875 0.109375
1 0.15234375 0.83984375 0.2109375 0.2109375
1 0.8515625 0.796875 0.078125 0.078125
1 0.734375 0.8046875 0.140625 0.140625
1 0.37890625 0.74609375 0.1484375 0.1484375
1 0.46875 0.65625 0.28125 0.28125
1 0.30859375 0.62890625 0.1796875 0.1796875
1 0.04296875 0.44140625 0.0859375 0.1171875
1 0.703125 0.3984375 0.078125 0.078125
1 0.609375 0.359375 0.140625 0.140625
1 0.671875 0.02734375 0.078125 0.0546875
1 0.61328125 0.03125 0.0859375 0.0625
1 0.30078125 0.0546875 0.1484375 0.109375
