1 0.02734375 0.97265625 0.0546875 0.0546875
1 0.08203125 0.91796875 0.0859375 0.0859375
1 0.58203125 0.82421875 0.1171875 0.1171875
1 0.58984375 0.63671875 0.1484375 0.1484375
1 0.67578125 0.59765625 0.0859375 0.0859375
1 0.98046875 0.484375 0.0390625 0.078125
1 0.9140625 0.46875 0.15625 0.15625
1 0.828125 0.453125 0.109375 0.109375
1 0.23046875 0.44921875 0.1171875 0.1171875
1 0.96484375 0.33203125 0.0703125 0.1171875
1 0.5078125 0.15625 0.078125 0.078125
1 0.9375 0.07421875 0.125 0.1484375
1 0.1171875 0.0390625 0.109375 0.078125
