1 0.1171875 0.94921875 0.140625 0.1015625
1 0.83203125 0.79296875 0.1484375 0.1484375
1 0.72265625 0.75390625 0.1171875 0.1171875
1 0.75 0.6328125 0.109375 0.109375
1 0.609375 0.4609375 0.078125 0.078125
1 0.70703125 0.43359375 0.1484375 0.1484375
1 0.0703125 0.2890625 0.140625 0.1875
1 0.35546875 0.23828125 0.1171875 0.1171875
1 0.45703125 0.20703125 0.0859375 0.0859375
1 0.58984375 0.19140625 0.1171875 0.1171875
1 0.84375 0.171875 0.140625 0.140625
1 0.7109375 0.171875 0.15625 0.15625
1 0.7109375 0.0703125 0.15625 0.140625
