1 0.5078125 0.9375 0.078125 0.078125
1 0.890625 0.8828125 0.078125 0.078125
1 0.82421875 0.89453125 0.1171875 0.1171875
1 0.953125 0.875 0.09375 0.140625
1 0.04296875 0.85546875 0.0859375 0.1171875
1 0.76171875 0.73046875 0.1484375 0.1484375
1 0.4453125 0.546875 0.078125 0.078125
1 0.15625 0.515625 0.109375 0.109375
1 0.28515625 0.51953125 0.1796875 0.1796875
1 0.8984375 0.3984375 0.109375 0.109375
1 0.3359375 0.2734375 0.109375 0.109375
1 0.90234375 0.23828125 0.0859375 0.0859375
1 0.234375 0.1328125 0.109375 0.109375
