0 0.82421875 0.93359375 0.1484375 0.1328125
0 0.25 0.8359375 0.140625 0.140625
0 0.8125 0.7578125 0.109375 0.109375
0 0.44140625 0.69921875 0.1484375 0.1484375
0 0.7578125 0.6796875 0.109375 0.109375
0 0.51171875 0.62890625 0.1171875 0.1171875
0 0.83984375 0.54296875 0.1171875 0.1171875
0 0.94140625 0.53515625 0.1171875 0.1484375
0 0.65234375 0.52734375 0.1171875 0.1171875
0 0.453125 0.421875 0.140625 0.140625
0 0.48828125 0.33984375 0.0859375 0.0859375
0 0.5546875 0.09375 0.25 0.1875
0 0.32421875 0.1015625 0.2734375 0.203125
0 0.16015625 0.06640625 0.1796875 0.1328125
