0 0.84765625 0.89453125 0.1171875 0.1171875
0 0.94140625 0.58203125 0.1171875 0.1484375
0 0.36328125 0.55078125 0.1171875 0.1171875
0 0.8125 0.5390625 0.109375 0.109375
0 0.46875 0.5390625 0.140625 0.140625
0 0.0390625 0.3828125 0.078125 0.078125
0 0.3359375 0.3359375 0.140625 0.140625
0 0.0703125 0.328125 0.109375 0.109375
0 0.578125 0.3671875 0.28125 0.28125
0 0.91796875 0.23046875 0.1171875 0.1171875
0 0.5078125 0.21875 0.28125 0.28125
0 0.05859375 0.109375 0.1171875 0.15625
0 0.07421875 0.05078125 0.1171875 0.1015625
