0 0.41796875 0.98046875 0.0859375 0.0390625
0 0.88671875 0.9453125 0.1484375 0.109375
0 0.53125 0.94140625 0.140625 0.1171875
0 0.76171875 0.83984375 0.1796875 0.1796875
0 0.26953125 0.75390625 0.1796875 0.1796875
0 0.69921875 0.73046875 0.1484375 0.1484375
0 0.765625 0.6796875 0.140625 0.140625
0 0.11328125 0.18359375 0.1171875 0.1171875
0 0.65625 0.1796875 0.140625 0.140625
0 0.27734375 0.15234375 0.0859375 0.0859375
0 0.3046875 0.06640625 0.140625 0.1328125
0 0.55078125 0.0546875 0.1484375 0.109375
