0 0.1171875 0.8828125 0.078125 0.078125
0 0.5390625 0.8828125 0.109375 0.109375
0 0.21484375 0.87109375 0.2421875 0.2421875
0 0.23046875 0.77734375 0.3203125 0.3203125
0 0.73046875 0.66796875 0.1171875 0.1171875
0 0.59765625 0.68359375 0.2421875 0.2421875
0 0.05078125 0.53515625 0.0859375 0.0859375
0 0.69140625 0.37890625 0.1171875 0.1171875
0 0.34765625 0.30078125 0.1171875 0.1171875
0 0.7265625 0.0703125 0.15625 0.140625
0 0.57421875 0.04296875 0.1171875 0.0859375
0 0.453125 0.02734375 0.078125 0.0546875
